S,1,2,1,1,1,1,1,1,2,1,3,0,1,-1,-1,1,-23,0,200,400,500,1000,0,0,1,3,4,5,0,200,400,500,1000,0,0,0,1,3,5,0,200,400,500,1000,0,0,1,3,4,5,0,200,400,500,1000,0,0,1,3,4,5,0,200,400,500,1000,3,3,4,4,4,5,0,200,400,500,1000,1,2,2,3,3,5,-1,0,5000,0,-1,5000,5000,0,-1
THC,0,0,0,0,0,0,0,0,0,0
AF,1,6,6,1,2,8,8,8,8,-14,-10,-15,-18,-14,-18,-17,-17,10,10,10,10,25,25,25,25,100,100,100,100,100,100,100,100,0,7,0,1,4,-5,10,150,0
AFH,1,110,0
AFA,1,1,240,260,7,1,700,260,-6,1,1050,300,-6,1,3500,1200,-6,1,3100,600,-4,1,6000,2000,4,1,8400,1400,-6,1,11000,2000,5,0,8500,3000,2,0,12100,2500,-6
AL,1,5,8,6,3,1,3,4,2,2,2,3,3,-12,-11,-13,-17,-17,-13,-13,-13,-13,-11,-11,-10,10,10,10,10,10,25,25,25,25,25,25,25,200,200,200,200,200,150,150,150,150,150,150,150,8,0,1,2,-2,10,150,0,0,230,230,120,120,2,0,4,0,2,0,4,0,-10,-20,25,150,-1,300
ALH,1,120,0
ALA,1,1,220,240,5,1,700,260,-7,1,1050,300,-5,1,3100,600,-5,1,3500,1200,-6,1,6000,2000,3,1,8400,1400,-9,1,11000,2000,3,0,8500,3000,2,0,12100,2500,-6
AHA,1,90,0
AHB,1,90,0
AHC,1,100,0
AHD,1,110,0
AHE,1,120,0

AMA,0,1,6,8,6,3,1,3,4,5,5,5,6,3,-12,-11,-12,-17,-18,-14,-13,-13,-13,-11,-11,-10,10,10,10,10,10,25,25,25,25,25,25,25,200,200,200,200,200,150,150,150,150,150,150,150,7,0,1,1,-2,10,150,0,230,230,120,120,2,0,4,0,2,0,4,0,-10,-20,25,150,-1,300
AMB,1,1,6,8,6,3,1,3,4,5,5,5,6,3,-12,-11,-12,-17,-18,-14,-13,-13,-13,-11,-11,-10,10,10,10,10,10,25,25,25,25,25,25,25,200,200,200,200,200,150,150,150,150,150,150,150,7,0,1,1,-2,10,150,0,230,230,120,120,2,0,4,0,2,0,4,0,-10,-20,25,150,-1,300
AMC,2,1,6,8,6,3,1,3,4,4,4,4,5,3,-12,-11,-12,-17,-18,-14,-13,-13,-13,-11,-11,-10,10,10,10,10,10,25,25,25,25,25,25,25,200,200,200,200,200,150,150,150,150,150,150,150,8,0,1,2,-2,10,150,0,230,230,120,120,2,0,4,0,2,0,4,0,-10,-20,25,150,-1,300
AMD,3,1,5,8,6,3,1,2,3,3,3,3,4,3,-12,-11,-12,-17,-18,-14,-13,-13,-13,-11,-11,-10,10,10,10,10,10,25,25,25,25,25,25,25,200,200,200,200,200,150,150,150,150,150,150,150,8,0,1,2,-2,10,150,0,230,230,120,120,2,0,4,0,2,0,4,0,-10,-20,25,150,-1,300
AME,4,1,5,8,6,3,1,3,4,2,2,2,3,3,-12,-11,-12,-17,-17,-13,-13,-13,-13,-11,-11,-10,10,10,10,10,10,25,25,25,25,25,25,25,200,200,200,200,200,150,150,150,150,150,150,150,8,0,1,2,-2,10,150,0,230,230,120,120,2,0,4,0,2,0,4,0,-10,-20,25,150,-1,300

APA,0,1,6,8,6,3,1,3,4,5,5,5,6,3,-12,-11,-12,-17,-18,-14,-13,-13,-13,-11,-11,-10,10,10,10,10,10,25,25,25,25,25,25,25,200,200,200,200,200,150,150,150,150,150,150,150,7,0,1,1,-2,10,150,0,230,230,120,120,2,0,4,0,2,0,4,0,-10,-20,25,150,-1,300
APB,1,1,6,8,6,3,1,3,4,5,5,5,6,3,-12,-11,-12,-17,-18,-14,-13,-13,-13,-11,-11,-10,10,10,10,10,10,25,25,25,25,25,25,25,200,200,200,200,200,150,150,150,150,150,150,150,7,0,1,1,-2,10,150,0,230,230,120,120,2,0,4,0,2,0,4,0,-10,-20,25,150,-1,300
APC,2,1,6,8,6,3,1,3,4,4,4,4,5,3,-12,-11,-12,-17,-18,-14,-13,-13,-13,-11,-11,-10,10,10,10,10,10,25,25,25,25,25,25,25,200,200,200,200,200,150,150,150,150,150,150,150,8,0,1,2,-2,10,150,0,230,230,120,120,2,0,4,0,2,0,4,0,-10,-20,25,150,-1,300
APD,3,1,5,8,6,3,1,2,3,3,3,3,4,3,-12,-11,-12,-17,-18,-14,-13,-13,-13,-11,-11,-10,10,10,10,10,10,25,25,25,25,25,25,25,200,200,200,200,200,150,150,150,150,150,150,150,8,0,1,2,-2,10,150,0,230,230,120,120,2,0,4,0,2,0,4,0,-10,-20,25,150,-1,300
APE,4,1,5,8,6,3,1,3,4,2,2,2,3,3,-12,-12,-14,-19,-22,-13,-13,-13,-13,-11,-11,-10,10,10,10,10,10,25,25,25,25,25,25,25,200,200,200,200,200,150,150,150,150,150,150,150,8,0,1,2,-3,10,150,0,230,230,120,120,2,0,4,0,2,0,4,0,-10,-20,25,150,-1,300

AVA,0,1,3,6,6,5,4,7,7,5,4,3,4,0,-12,-11,-12,-17,-18,-14,-13,-13,-13,-11,-11,-10,10,10,10,10,10,25,25,25,25,25,25,25,200,200,200,200,200,150,150,150,150,150,150,150,8,0,1,2,-2,10,150,0,230,230,120,120,2,0,4,0,2,0,4,0,-10,-20,25,150,-1,300
AVB,1,1,3,6,6,5,4,7,7,5,4,3,4,0,-12,-11,-12,-17,-18,-14,-13,-13,-13,-11,-11,-10,10,10,10,10,10,25,25,25,25,25,25,25,200,200,200,200,200,150,150,150,150,150,150,150,8,0,1,2,-2,10,150,0,230,230,120,120,2,0,4,0,2,0,4,0,-10,-20,25,150,-1,300
AVC,2,1,3,6,6,5,4,7,7,4,3,2,3,0,-12,-11,-12,-17,-18,-14,-13,-13,-13,-11,-11,-10,10,10,10,10,10,25,25,25,25,25,25,25,200,200,200,200,200,150,150,150,150,150,150,150,9,0,1,3,-2,10,150,0,230,230,120,120,2,0,4,0,2,0,4,0,-10,-20,25,150,-1,300
AVD,3,1,2,6,6,5,4,6,6,3,2,1,2,0,-12,-11,-12,-17,-18,-14,-13,-13,-13,-11,-11,-10,10,10,10,10,10,25,25,25,25,25,25,25,200,200,200,200,200,150,150,150,150,150,150,150,9,0,1,3,-2,10,150,0,230,230,120,120,2,0,4,0,2,0,4,0,-10,-20,25,150,-1,300
AVE,4,1,2,6,6,5,4,6,6,2,1,0,1,0,-12,-11,-12,-17,-17,-13,-13,-13,-13,-11,-11,-10,10,10,10,10,10,25,25,25,25,25,25,25,200,200,200,200,200,150,150,150,150,150,150,150,9,0,1,3,-2,10,150,0,230,230,120,120,2,0,4,0,2,0,4,0,-10,-20,25,150,-1,300

AAA,1,1,220,240,7,1,700,260,-6,1,1050,300,-6,1,3100,600,-5,1,3500,1200,-6,1,6000,2000,4,1,8400,1400,-7,1,11000,2000,5,0,8500,3000,2,0,12100,2500,-6
AAB,1,1,220,240,7,1,700,260,-6,1,1050,300,-6,1,3100,600,-5,1,3500,1200,-6,1,6000,2000,4,1,8400,1400,-7,1,11000,2000,5,0,8500,3000,2,0,12100,2500,-6
AAC,1,1,220,240,6,1,700,260,-7,1,1050,300,-5,1,3100,600,-5,1,3500,1200,-6,1,6000,2000,4,1,8400,1400,-8,1,11000,2000,4,0,8500,3000,2,0,12100,2500,-6
AAD,1,1,220,240,6,1,700,260,-7,1,1050,300,-5,1,3100,600,-5,1,3500,1200,-6,1,6000,2000,3,1,8400,1400,-8,1,11000,2000,4,0,8500,3000,2,0,12100,2500,-6
AAE,1,1,220,240,5,1,700,260,-7,1,1050,300,-5,1,3100,600,-5,1,3500,1200,-6,1,6000,2000,3,1,8400,1400,-9,1,11000,2000,3,0,8500,3000,2,0,12100,2500,-6

ABA,1,1,220,240,7,1,700,260,-6,1,1050,300,-6,1,3100,600,-5,1,3500,1200,-6,1,6000,2000,4,1,8400,1400,-7,1,11000,2000,5,0,8500,3000,2,0,12100,2500,-6
ABB,1,1,220,240,7,1,700,260,-6,1,1050,300,-6,1,3100,600,-5,1,3500,1200,-6,1,6000,2000,4,1,8400,1400,-7,1,11000,2000,5,0,8500,3000,2,0,12100,2500,-6
ABC,1,1,220,240,6,1,700,260,-7,1,1050,300,-5,1,3100,600,-5,1,3500,1200,-6,1,6000,2000,4,1,8400,1400,-8,1,11000,2000,4,0,8500,3000,2,0,12100,2500,-6
ABD,1,1,220,240,6,1,700,260,-7,1,1050,300,-5,1,3100,600,-5,1,3500,1200,-6,1,6000,2000,3,1,8400,1400,-8,1,11000,2000,4,0,8500,3000,2,0,12100,2500,-6
ABE,1,1,220,240,5,1,700,260,-7,1,1050,300,-5,1,3100,600,-5,1,3500,1200,-6,1,6000,2000,3,1,8400,1400,-9,1,11000,2000,3,0,8500,3000,2,0,12100,2500,-6

ACA,1,1,220,240,7,1,700,260,-6,1,1050,300,-6,1,3100,600,-5,1,3500,1200,-6,1,6000,2000,4,1,8400,1400,-7,1,11000,2000,5,0,8500,3000,2,0,12100,2500,-6
ACB,1,1,220,240,7,1,700,260,-6,1,1050,300,-6,1,3100,600,-5,1,3500,1200,-6,1,6000,2000,4,1,8400,1400,-7,1,11000,2000,5,0,8500,3000,2,0,12100,2500,-6
ACC,1,1,220,240,6,1,700,260,-7,1,1050,300,-5,1,3100,600,-5,1,3500,1200,-6,1,6000,2000,4,1,8400,1400,-8,1,11000,2000,4,0,8500,3000,2,0,12100,2500,-6
ACD,1,1,220,240,6,1,700,260,-7,1,1050,300,-5,1,3100,600,-5,1,3500,1200,-6,1,6000,2000,3,1,8400,1400,-8,1,11000,2000,4,0,8500,3000,2,0,12100,2500,-6
ACE,1,1,220,240,5,1,700,260,-7,1,1050,300,-5,1,3100,600,-5,1,3500,1200,-6,1,6000,2000,3,1,8400,1400,-9,1,11000,2000,3,0,8500,3000,2,0,12100,2500,-6

BF,1,6,6,1,2,8,8,8,8,-14,-10,-15,-18,-14,-18,-17,-17,10,10,10,10,25,25,25,25,100,100,100,100,100,100,100,100,0,7,0,1,4,-5,10,150,0
BFH,1,110,0
BFA,1,1,240,260,7,1,700,260,-6,1,1050,300,-6,1,3500,1200,-6,1,3100,600,-4,1,6000,2000,4,1,8400,1400,-6,1,11000,2000,5,0,8500,3000,2,0,12100,2500,-6
BL,1,5,8,6,3,1,3,4,2,2,2,3,3,-12,-11,-13,-17,-17,-13,-13,-13,-13,-11,-11,-10,10,10,10,10,10,25,25,25,25,25,25,25,200,200,200,200,200,150,150,150,150,150,150,150,8,0,1,2,-2,10,150,0,0,230,230,120,120,2,0,4,0,2,0,4,0,-10,-20,25,150,-1,300
BLH,1,120,0
BLA,1,1,220,240,5,1,700,260,-7,1,1050,300,-5,1,3100,600,-5,1,3500,1200,-6,1,6000,2000,3,1,8400,1400,-9,1,11000,2000,3,0,8500,3000,2,0,12100,2500,-6
BHA,1,90,0
BHB,1,90,0
BHC,1,100,0
BHD,1,110,0
BHE,1,120,0

BMA,0,1,6,8,6,3,1,3,4,5,5,5,6,3,-12,-11,-12,-17,-18,-14,-13,-13,-13,-11,-11,-10,10,10,10,10,10,25,25,25,25,25,25,25,200,200,200,200,200,150,150,150,150,150,150,150,7,0,1,1,-2,10,150,0,230,230,120,120,2,0,4,0,2,0,4,0,-10,-20,25,150,-1,300
BMB,1,1,6,8,6,3,1,3,4,5,5,5,6,3,-12,-11,-12,-17,-18,-14,-13,-13,-13,-11,-11,-10,10,10,10,10,10,25,25,25,25,25,25,25,200,200,200,200,200,150,150,150,150,150,150,150,7,0,1,1,-2,10,150,0,230,230,120,120,2,0,4,0,2,0,4,0,-10,-20,25,150,-1,300
BMC,2,1,6,8,6,3,1,3,4,4,4,4,5,3,-12,-11,-12,-17,-18,-14,-13,-13,-13,-11,-11,-10,10,10,10,10,10,25,25,25,25,25,25,25,200,200,200,200,200,150,150,150,150,150,150,150,8,0,1,2,-2,10,150,0,230,230,120,120,2,0,4,0,2,0,4,0,-10,-20,25,150,-1,300
BMD,3,1,5,8,6,3,1,2,3,3,3,3,4,3,-12,-11,-12,-17,-18,-14,-13,-13,-13,-11,-11,-10,10,10,10,10,10,25,25,25,25,25,25,25,200,200,200,200,200,150,150,150,150,150,150,150,8,0,1,2,-2,10,150,0,230,230,120,120,2,0,4,0,2,0,4,0,-10,-20,25,150,-1,300
BME,4,1,5,8,6,3,1,3,4,2,2,2,3,3,-12,-11,-12,-17,-17,-13,-13,-13,-13,-11,-11,-10,10,10,10,10,10,25,25,25,25,25,25,25,200,200,200,200,200,150,150,150,150,150,150,150,8,0,1,2,-2,10,150,0,230,230,120,120,2,0,4,0,2,0,4,0,-10,-20,25,150,-1,300

BPA,0,1,6,8,6,3,1,3,4,5,5,5,6,3,-12,-11,-12,-17,-18,-14,-13,-13,-13,-11,-11,-10,10,10,10,10,10,25,25,25,25,25,25,25,200,200,200,200,200,150,150,150,150,150,150,150,7,0,1,1,-2,10,150,0,230,230,120,120,2,0,4,0,2,0,4,0,-10,-20,25,150,-1,300
BPB,1,1,6,8,6,3,1,3,4,5,5,5,6,3,-12,-11,-12,-17,-18,-14,-13,-13,-13,-11,-11,-10,10,10,10,10,10,25,25,25,25,25,25,25,200,200,200,200,200,150,150,150,150,150,150,150,7,0,1,1,-2,10,150,0,230,230,120,120,2,0,4,0,2,0,4,0,-10,-20,25,150,-1,300
BPC,2,1,6,8,6,3,1,3,4,4,4,4,5,3,-12,-11,-12,-17,-18,-14,-13,-13,-13,-11,-11,-10,10,10,10,10,10,25,25,25,25,25,25,25,200,200,200,200,200,150,150,150,150,150,150,150,8,0,1,2,-2,10,150,0,230,230,120,120,2,0,4,0,2,0,4,0,-10,-20,25,150,-1,300
BPD,3,1,5,8,6,3,1,2,3,3,3,3,4,3,-12,-11,-12,-17,-18,-14,-13,-13,-13,-11,-11,-10,10,10,10,10,10,25,25,25,25,25,25,25,200,200,200,200,200,150,150,150,150,150,150,150,8,0,1,2,-2,10,150,0,230,230,120,120,2,0,4,0,2,0,4,0,-10,-20,25,150,-1,300
BPE,4,1,5,8,6,3,1,3,4,2,2,2,3,3,-12,-12,-14,-19,-22,-13,-13,-13,-13,-11,-11,-10,10,10,10,10,10,25,25,25,25,25,25,25,200,200,200,200,200,150,150,150,150,150,150,150,8,0,1,2,-3,10,150,0,230,230,120,120,2,0,4,0,2,0,4,0,-10,-20,25,150,-1,300

BVA,0,1,3,6,6,5,4,7,7,5,4,3,4,0,-12,-11,-12,-17,-18,-14,-13,-13,-13,-11,-11,-10,10,10,10,10,10,25,25,25,25,25,25,25,200,200,200,200,200,150,150,150,150,150,150,150,8,0,1,2,-2,10,150,0,230,230,120,120,2,0,4,0,2,0,4,0,-10,-20,25,150,-1,300
BVB,1,1,3,6,6,5,4,7,7,5,4,3,4,0,-12,-11,-12,-17,-18,-14,-13,-13,-13,-11,-11,-10,10,10,10,10,10,25,25,25,25,25,25,25,200,200,200,200,200,150,150,150,150,150,150,150,8,0,1,2,-2,10,150,0,230,230,120,120,2,0,4,0,2,0,4,0,-10,-20,25,150,-1,300
BVC,2,1,3,6,6,5,4,7,7,4,3,2,3,0,-12,-11,-12,-17,-18,-14,-13,-13,-13,-11,-11,-10,10,10,10,10,10,25,25,25,25,25,25,25,200,200,200,200,200,150,150,150,150,150,150,150,9,0,1,3,-2,10,150,0,230,230,120,120,2,0,4,0,2,0,4,0,-10,-20,25,150,-1,300
BVD,3,1,2,6,6,5,4,6,6,3,2,1,2,0,-12,-11,-12,-17,-18,-14,-13,-13,-13,-11,-11,-10,10,10,10,10,10,25,25,25,25,25,25,25,200,200,200,200,200,150,150,150,150,150,150,150,9,0,1,3,-2,10,150,0,230,230,120,120,2,0,4,0,2,0,4,0,-10,-20,25,150,-1,300
BVE,4,1,2,6,6,5,4,6,6,2,1,0,1,0,-12,-11,-12,-17,-17,-13,-13,-13,-13,-11,-11,-10,10,10,10,10,10,25,25,25,25,25,25,25,200,200,200,200,200,150,150,150,150,150,150,150,9,0,1,3,-2,10,150,0,230,230,120,120,2,0,4,0,2,0,4,0,-10,-20,25,150,-1,300

BAA,1,1,220,240,7,1,700,260,-6,1,1050,300,-6,1,3100,600,-5,1,3500,1200,-6,1,6000,2000,4,1,8400,1400,-7,1,11000,2000,5,0,8500,3000,2,0,12100,2500,-6
BAB,1,1,220,240,7,1,700,260,-6,1,1050,300,-6,1,3100,600,-5,1,3500,1200,-6,1,6000,2000,4,1,8400,1400,-7,1,11000,2000,5,0,8500,3000,2,0,12100,2500,-6
BAC,1,1,220,240,6,1,700,260,-7,1,1050,300,-5,1,3100,600,-5,1,3500,1200,-6,1,6000,2000,4,1,8400,1400,-8,1,11000,2000,4,0,8500,3000,2,0,12100,2500,-6
BAD,1,1,220,240,6,1,700,260,-7,1,1050,300,-5,1,3100,600,-5,1,3500,1200,-6,1,6000,2000,3,1,8400,1400,-8,1,11000,2000,4,0,8500,3000,2,0,12100,2500,-6
BAE,1,1,220,240,5,1,700,260,-7,1,1050,300,-5,1,3100,600,-5,1,3500,1200,-6,1,6000,2000,3,1,8400,1400,-9,1,11000,2000,3,0,8500,3000,2,0,12100,2500,-6

BBA,1,1,220,240,7,1,700,260,-6,1,1050,300,-6,1,3100,600,-5,1,3500,1200,-6,1,6000,2000,4,1,8400,1400,-7,1,11000,2000,5,0,8500,3000,2,0,12100,2500,-6
BBB,1,1,220,240,7,1,700,260,-6,1,1050,300,-6,1,3100,600,-5,1,3500,1200,-6,1,6000,2000,4,1,8400,1400,-7,1,11000,2000,5,0,8500,3000,2,0,12100,2500,-6
BBC,1,1,220,240,6,1,700,260,-7,1,1050,300,-5,1,3100,600,-5,1,3500,1200,-6,1,6000,2000,4,1,8400,1400,-8,1,11000,2000,4,0,8500,3000,2,0,12100,2500,-6
BBD,1,1,220,240,6,1,700,260,-7,1,1050,300,-5,1,3100,600,-5,1,3500,1200,-6,1,6000,2000,3,1,8400,1400,-8,1,11000,2000,4,0,8500,3000,2,0,12100,2500,-6
BBE,1,1,220,240,5,1,700,260,-7,1,1050,300,-5,1,3100,600,-5,1,3500,1200,-6,1,6000,2000,3,1,8400,1400,-9,1,11000,2000,3,0,8500,3000,2,0,12100,2500,-6

BCA,1,1,220,240,7,1,700,260,-6,1,1050,300,-6,1,3100,600,-5,1,3500,1200,-6,1,6000,2000,4,1,8400,1400,-7,1,11000,2000,5,0,8500,3000,2,0,12100,2500,-6
BCB,1,1,220,240,7,1,700,260,-6,1,1050,300,-6,1,3100,600,-5,1,3500,1200,-6,1,6000,2000,4,1,8400,1400,-7,1,11000,2000,5,0,8500,3000,2,0,12100,2500,-6
BCC,1,1,220,240,6,1,700,260,-7,1,1050,300,-5,1,3100,600,-5,1,3500,1200,-6,1,6000,2000,4,1,8400,1400,-8,1,11000,2000,4,0,8500,3000,2,0,12100,2500,-6
BCD,1,1,220,240,6,1,700,260,-7,1,1050,300,-5,1,3100,600,-5,1,3500,1200,-6,1,6000,2000,3,1,8400,1400,-8,1,11000,2000,4,0,8500,3000,2,0,12100,2500,-6
BCE,1,1,220,240,5,1,700,260,-7,1,1050,300,-5,1,3100,600,-5,1,3500,1200,-6,1,6000,2000,3,1,8400,1400,-9,1,11000,2000,3,0,8500,3000,2,0,12100,2500,-6

CF,1,7,6,3,3,2,0,0,-2,-10,-12,-13,-13,-7,-7,-6,-6,10,20,25,25,25,25,25,25,150,150,150,150,150,150,150,150,0,10,3,1,10,-1,100,150,0
CFH,1,140,1
CFA,0,0,800,1,0,0,800,1,0,0,800,1,0,0,800,1,0,0,800,1,0,0,800,1,0,0,800,1,0,0,800,1,0,0,800,1,0,0,800,1,0
CL,1,0,0,0,0,0,0,0,0,0,0,0,0,0,0,0,0,0,0,0,0,0,0,0,0,0,0,0,0,0,0,0,0,0,0,0,0,0,0,0,0,0,0,0,0,0,0,0,0,0,0,1,0,0,0,0,0,0,0,0,0,0,0,0,0,0,0,0,0,0,0,0,0,0,0,100
CLH,1,140,1
CLA,0,0,800,1,0,0,800,1,0,0,800,1,0,0,800,1,0,0,800,1,0,0,800,1,0,0,800,1,0,0,800,1,0,0,800,1,0,0,800,1,0
CHA,1,140,1
CHB,1,140,1
CHC,1,140,1
CHD,1,140,1
CHE,1,140,1

CMA,0,0,0,0,0,0,0,0,0,0,0,0,0,0,0,0,0,0,0,0,0,0,0,0,0,0,0,0,0,0,0,0,0,0,0,0,0,0,0,0,0,0,0,0,0,0,0,0,0,0,0,0,0,0,0,0,0,0,0,0,0,0,0,0,0,0,0,0,0,0,0,0,0,0,0,100
CMB,1,1,0,0,0,0,0,0,0,0,0,0,0,0,0,0,0,0,0,0,0,0,0,0,0,0,0,0,0,0,0,0,0,0,0,0,0,0,0,0,0,0,0,0,0,0,0,0,0,0,0,0,1,0,0,0,0,0,0,0,0,0,0,0,0,0,0,0,0,0,0,0,0,0,0,100
CMC,2,1,0,0,0,0,0,0,0,0,0,0,0,0,0,0,0,0,0,0,0,0,0,0,0,0,0,0,0,0,0,0,0,0,0,0,0,0,0,0,0,0,0,0,0,0,0,0,0,0,0,0,1,0,0,0,0,0,0,0,0,0,0,0,0,0,0,0,0,0,0,0,0,0,0,100
CMD,3,1,0,0,0,0,0,0,0,0,0,0,0,0,0,0,0,0,0,0,0,0,0,0,0,0,0,0,0,0,0,0,0,0,0,0,0,0,0,0,0,0,0,0,0,0,0,0,0,0,0,0,1,0,0,0,0,0,0,0,0,0,0,0,0,0,0,0,0,0,0,0,0,0,0,100
CME,4,1,0,0,0,0,0,0,0,0,0,0,0,0,0,0,0,0,0,0,0,0,0,0,0,0,0,0,0,0,0,0,0,0,0,0,0,0,0,0,0,0,0,0,0,0,0,0,0,0,0,0,1,0,0,0,0,0,0,0,0,0,0,0,0,0,0,0,0,0,0,0,0,0,0,100

CPA,0,1,0,0,0,0,0,0,0,0,0,0,0,0,0,0,0,0,0,0,0,0,0,0,0,0,0,0,0,0,0,0,0,0,0,0,0,0,0,0,0,0,0,0,0,0,0,0,0,0,0,0,1,0,0,0,0,0,0,0,0,0,0,0,0,0,0,0,0,0,0,0,0,0,0,100
CPB,1,1,0,0,0,0,0,0,0,0,0,0,0,0,0,0,0,0,0,0,0,0,0,0,0,0,0,0,0,0,0,0,0,0,0,0,0,0,0,0,0,0,0,0,0,0,0,0,0,0,0,0,1,0,0,0,0,0,0,0,0,0,0,0,0,0,0,0,0,0,0,0,0,0,0,100
CPC,2,1,0,0,0,0,0,0,0,0,0,0,0,0,0,0,0,0,0,0,0,0,0,0,0,0,0,0,0,0,0,0,0,0,0,0,0,0,0,0,0,0,0,0,0,0,0,0,0,0,0,0,1,0,0,0,0,0,0,0,0,0,0,0,0,0,0,0,0,0,0,0,0,0,0,100
CPD,3,1,0,0,0,0,0,0,0,0,0,0,0,0,0,0,0,0,0,0,0,0,0,0,0,0,0,0,0,0,0,0,0,0,0,0,0,0,0,0,0,0,0,0,0,0,0,0,0,0,0,0,1,0,0,0,0,0,0,0,0,0,0,0,0,0,0,0,0,0,0,0,0,0,0,100
CPE,4,1,0,0,0,0,0,0,0,0,0,0,0,0,0,0,0,0,0,0,0,0,0,0,0,0,0,0,0,0,0,0,0,0,0,0,0,0,0,0,0,0,0,0,0,0,0,0,0,0,0,0,1,0,0,0,0,0,0,0,0,0,0,0,0,0,0,0,0,0,0,0,0,0,0,100

CVA,0,1,0,0,0,0,0,0,0,0,0,0,0,0,0,0,0,0,0,0,0,0,0,0,0,0,0,0,0,0,0,0,0,0,0,0,0,0,0,0,0,0,0,0,0,0,0,0,0,0,0,0,1,0,0,0,0,0,0,0,0,0,0,0,0,0,0,0,0,0,0,0,0,0,0,100
CVB,1,1,0,0,0,0,0,0,0,0,0,0,0,0,0,0,0,0,0,0,0,0,0,0,0,0,0,0,0,0,0,0,0,0,0,0,0,0,0,0,0,0,0,0,0,0,0,0,0,0,0,0,1,0,0,0,0,0,0,0,0,0,0,0,0,0,0,0,0,0,0,0,0,0,0,100
CVC,2,1,0,0,0,0,0,0,0,0,0,0,0,0,0,0,0,0,0,0,0,0,0,0,0,0,0,0,0,0,0,0,0,0,0,0,0,0,0,0,0,0,0,0,0,0,0,0,0,0,0,0,1,0,0,0,0,0,0,0,0,0,0,0,0,0,0,0,0,0,0,0,0,0,0,100
CVD,3,1,0,0,0,0,0,0,0,0,0,0,0,0,0,0,0,0,0,0,0,0,0,0,0,0,0,0,0,0,0,0,0,0,0,0,0,0,0,0,0,0,0,0,0,0,0,0,0,0,0,0,1,0,0,0,0,0,0,0,0,0,0,0,0,0,0,0,0,0,0,0,0,0,0,100
CVE,4,1,0,0,0,0,0,0,0,0,0,0,0,0,0,0,0,0,0,0,0,0,0,0,0,0,0,0,0,0,0,0,0,0,0,0,0,0,0,0,0,0,0,0,0,0,0,0,0,0,0,0,1,0,0,0,0,0,0,0,0,0,0,0,0,0,0,0,0,0,0,0,0,0,0,100

CAA,0,0,800,200,0,0,800,200,0,0,800,200,0,0,800,200,0,0,800,200,0,0,800,200,0,0,800,200,0,0,800,200,0,0,800,200,0,0,800,200,0
CAB,0,0,800,200,0,0,800,200,0,0,800,200,0,0,800,200,0,0,800,200,0,0,800,200,0,0,800,200,0,0,800,200,0,0,800,200,0,0,800,200,0
CAC,0,0,800,200,0,0,800,200,0,0,800,200,0,0,800,200,0,0,800,200,0,0,800,200,0,0,800,200,0,0,800,200,0,0,800,200,0,0,800,200,0
CAD,0,0,800,200,0,0,800,200,0,0,800,200,0,0,800,200,0,0,800,200,0,0,800,200,0,0,800,200,0,0,800,200,0,0,800,200,0,0,800,200,0
CAE,0,0,800,200,0,0,800,200,0,0,800,200,0,0,800,200,0,0,800,200,0,0,800,200,0,0,800,200,0,0,800,200,0,0,800,200,0,0,800,200,0

CBA,0,0,800,200,0,0,800,200,0,0,800,200,0,0,800,200,0,0,800,200,0,0,800,200,0,0,800,200,0,0,800,200,0,0,800,200,0,0,800,200,0
CBB,0,0,800,200,0,0,800,200,0,0,800,200,0,0,800,200,0,0,800,200,0,0,800,200,0,0,800,200,0,0,800,200,0,0,800,200,0,0,800,200,0
CBC,0,0,800,200,0,0,800,200,0,0,800,200,0,0,800,200,0,0,800,200,0,0,800,200,0,0,800,200,0,0,800,200,0,0,800,200,0,0,800,200,0
CBD,0,0,800,200,0,0,800,200,0,0,800,200,0,0,800,200,0,0,800,200,0,0,800,200,0,0,800,200,0,0,800,200,0,0,800,200,0,0,800,200,0
CBE,0,0,800,200,0,0,800,200,0,0,800,200,0,0,800,200,0,0,800,200,0,0,800,200,0,0,800,200,0,0,800,200,0,0,800,200,0,0,800,200,0

CCA,0,0,800,200,0,0,800,200,0,0,800,200,0,0,800,200,0,0,800,200,0,0,800,200,0,0,800,200,0,0,800,200,0,0,800,200,0,0,800,200,0
CCB,0,0,800,200,0,0,800,200,0,0,800,200,0,0,800,200,0,0,800,200,0,0,800,200,0,0,800,200,0,0,800,200,0,0,800,200,0,0,800,200,0
CCC,0,0,800,200,0,0,800,200,0,0,800,200,0,0,800,200,0,0,800,200,0,0,800,200,0,0,800,200,0,0,800,200,0,0,800,200,0,0,800,200,0
CCD,0,0,800,200,0,0,800,200,0,0,800,200,0,0,800,200,0,0,800,200,0,0,800,200,0,0,800,200,0,0,800,200,0,0,800,200,0,0,800,200,0
CCE,0,0,800,200,0,0,800,200,0,0,800,200,0,0,800,200,0,0,800,200,0,0,800,200,0,0,800,200,0,0,800,200,0,0,800,200,0,0,800,200,0

DF,1,7,6,3,3,2,0,0,-2,-10,-12,-13,-13,-7,-7,-6,-6,10,20,25,25,25,25,25,25,150,150,150,150,150,150,150,150,0,10,3,1,10,-1,100,150,0
DFH,1,140,1
DFA,0,0,800,1,0,0,800,1,0,0,800,1,0,0,800,1,0,0,800,1,0,0,800,1,0,0,800,1,0,0,800,1,0,0,800,1,0,0,800,1,0
DL,1,0,0,0,0,0,0,0,0,0,0,0,0,0,0,0,0,0,0,0,0,0,0,0,0,0,0,0,0,0,0,0,0,0,0,0,0,0,0,0,0,0,0,0,0,0,0,0,0,0,0,1,0,0,0,0,0,0,0,0,0,0,0,0,0,0,0,0,0,0,0,0,0,0,0,100
DLH,1,140,1
DLA,0,0,800,1,0,0,800,1,0,0,800,1,0,0,800,1,0,0,800,1,0,0,800,1,0,0,800,1,0,0,800,1,0,0,800,1,0,0,800,1,0
DHA,1,140,1
DHB,1,140,1
DHC,1,140,1
DHD,1,140,1
DHE,1,140,1

DMA,0,0,0,0,0,0,0,0,0,0,0,0,0,0,0,0,0,0,0,0,0,0,0,0,0,0,0,0,0,0,0,0,0,0,0,0,0,0,0,0,0,0,0,0,0,0,0,0,0,0,0,0,0,0,0,0,0,0,0,0,0,0,0,0,0,0,0,0,0,0,0,0,0,0,0,100
DMB,1,1,0,0,0,0,0,0,0,0,0,0,0,0,0,0,0,0,0,0,0,0,0,0,0,0,0,0,0,0,0,0,0,0,0,0,0,0,0,0,0,0,0,0,0,0,0,0,0,0,0,0,1,0,0,0,0,0,0,0,0,0,0,0,0,0,0,0,0,0,0,0,0,0,0,100
DMC,2,1,0,0,0,0,0,0,0,0,0,0,0,0,0,0,0,0,0,0,0,0,0,0,0,0,0,0,0,0,0,0,0,0,0,0,0,0,0,0,0,0,0,0,0,0,0,0,0,0,0,0,1,0,0,0,0,0,0,0,0,0,0,0,0,0,0,0,0,0,0,0,0,0,0,100
DMD,3,1,0,0,0,0,0,0,0,0,0,0,0,0,0,0,0,0,0,0,0,0,0,0,0,0,0,0,0,0,0,0,0,0,0,0,0,0,0,0,0,0,0,0,0,0,0,0,0,0,0,0,1,0,0,0,0,0,0,0,0,0,0,0,0,0,0,0,0,0,0,0,0,0,0,100
DME,4,1,0,0,0,0,0,0,0,0,0,0,0,0,0,0,0,0,0,0,0,0,0,0,0,0,0,0,0,0,0,0,0,0,0,0,0,0,0,0,0,0,0,0,0,0,0,0,0,0,0,0,1,0,0,0,0,0,0,0,0,0,0,0,0,0,0,0,0,0,0,0,0,0,0,100

DPA,0,1,0,0,0,0,0,0,0,0,0,0,0,0,0,0,0,0,0,0,0,0,0,0,0,0,0,0,0,0,0,0,0,0,0,0,0,0,0,0,0,0,0,0,0,0,0,0,0,0,0,0,1,0,0,0,0,0,0,0,0,0,0,0,0,0,0,0,0,0,0,0,0,0,0,100
DPB,1,1,0,0,0,0,0,0,0,0,0,0,0,0,0,0,0,0,0,0,0,0,0,0,0,0,0,0,0,0,0,0,0,0,0,0,0,0,0,0,0,0,0,0,0,0,0,0,0,0,0,0,1,0,0,0,0,0,0,0,0,0,0,0,0,0,0,0,0,0,0,0,0,0,0,100
DPC,2,1,0,0,0,0,0,0,0,0,0,0,0,0,0,0,0,0,0,0,0,0,0,0,0,0,0,0,0,0,0,0,0,0,0,0,0,0,0,0,0,0,0,0,0,0,0,0,0,0,0,0,1,0,0,0,0,0,0,0,0,0,0,0,0,0,0,0,0,0,0,0,0,0,0,100
DPD,3,1,0,0,0,0,0,0,0,0,0,0,0,0,0,0,0,0,0,0,0,0,0,0,0,0,0,0,0,0,0,0,0,0,0,0,0,0,0,0,0,0,0,0,0,0,0,0,0,0,0,0,1,0,0,0,0,0,0,0,0,0,0,0,0,0,0,0,0,0,0,0,0,0,0,100
DPE,4,1,0,0,0,0,0,0,0,0,0,0,0,0,0,0,0,0,0,0,0,0,0,0,0,0,0,0,0,0,0,0,0,0,0,0,0,0,0,0,0,0,0,0,0,0,0,0,0,0,0,0,1,0,0,0,0,0,0,0,0,0,0,0,0,0,0,0,0,0,0,0,0,0,0,100

DVA,0,1,0,0,0,0,0,0,0,0,0,0,0,0,0,0,0,0,0,0,0,0,0,0,0,0,0,0,0,0,0,0,0,0,0,0,0,0,0,0,0,0,0,0,0,0,0,0,0,0,0,0,1,0,0,0,0,0,0,0,0,0,0,0,0,0,0,0,0,0,0,0,0,0,0,100
DVB,1,1,0,0,0,0,0,0,0,0,0,0,0,0,0,0,0,0,0,0,0,0,0,0,0,0,0,0,0,0,0,0,0,0,0,0,0,0,0,0,0,0,0,0,0,0,0,0,0,0,0,0,1,0,0,0,0,0,0,0,0,0,0,0,0,0,0,0,0,0,0,0,0,0,0,100
DVC,2,1,0,0,0,0,0,0,0,0,0,0,0,0,0,0,0,0,0,0,0,0,0,0,0,0,0,0,0,0,0,0,0,0,0,0,0,0,0,0,0,0,0,0,0,0,0,0,0,0,0,0,1,0,0,0,0,0,0,0,0,0,0,0,0,0,0,0,0,0,0,0,0,0,0,100
DVD,3,1,0,0,0,0,0,0,0,0,0,0,0,0,0,0,0,0,0,0,0,0,0,0,0,0,0,0,0,0,0,0,0,0,0,0,0,0,0,0,0,0,0,0,0,0,0,0,0,0,0,0,1,0,0,0,0,0,0,0,0,0,0,0,0,0,0,0,0,0,0,0,0,0,0,100
DVE,4,1,0,0,0,0,0,0,0,0,0,0,0,0,0,0,0,0,0,0,0,0,0,0,0,0,0,0,0,0,0,0,0,0,0,0,0,0,0,0,0,0,0,0,0,0,0,0,0,0,0,0,1,0,0,0,0,0,0,0,0,0,0,0,0,0,0,0,0,0,0,0,0,0,0,100

DAA,0,0,800,200,0,0,800,200,0,0,800,200,0,0,800,200,0,0,800,200,0,0,800,200,0,0,800,200,0,0,800,200,0,0,800,200,0,0,800,200,0
DAB,0,0,800,200,0,0,800,200,0,0,800,200,0,0,800,200,0,0,800,200,0,0,800,200,0,0,800,200,0,0,800,200,0,0,800,200,0,0,800,200,0
DAC,0,0,800,200,0,0,800,200,0,0,800,200,0,0,800,200,0,0,800,200,0,0,800,200,0,0,800,200,0,0,800,200,0,0,800,200,0,0,800,200,0
DAD,0,0,800,200,0,0,800,200,0,0,800,200,0,0,800,200,0,0,800,200,0,0,800,200,0,0,800,200,0,0,800,200,0,0,800,200,0,0,800,200,0
DAE,0,0,800,200,0,0,800,200,0,0,800,200,0,0,800,200,0,0,800,200,0,0,800,200,0,0,800,200,0,0,800,200,0,0,800,200,0,0,800,200,0

DBA,0,0,800,200,0,0,800,200,0,0,800,200,0,0,800,200,0,0,800,200,0,0,800,200,0,0,800,200,0,0,800,200,0,0,800,200,0,0,800,200,0
DBB,0,0,800,200,0,0,800,200,0,0,800,200,0,0,800,200,0,0,800,200,0,0,800,200,0,0,800,200,0,0,800,200,0,0,800,200,0,0,800,200,0
DBC,0,0,800,200,0,0,800,200,0,0,800,200,0,0,800,200,0,0,800,200,0,0,800,200,0,0,800,200,0,0,800,200,0,0,800,200,0,0,800,200,0
DBD,0,0,800,200,0,0,800,200,0,0,800,200,0,0,800,200,0,0,800,200,0,0,800,200,0,0,800,200,0,0,800,200,0,0,800,200,0,0,800,200,0
DBE,0,0,800,200,0,0,800,200,0,0,800,200,0,0,800,200,0,0,800,200,0,0,800,200,0,0,800,200,0,0,800,200,0,0,800,200,0,0,800,200,0

DCA,0,0,800,200,0,0,800,200,0,0,800,200,0,0,800,200,0,0,800,200,0,0,800,200,0,0,800,200,0,0,800,200,0,0,800,200,0,0,800,200,0
DCB,0,0,800,200,0,0,800,200,0,0,800,200,0,0,800,200,0,0,800,200,0,0,800,200,0,0,800,200,0,0,800,200,0,0,800,200,0,0,800,200,0
DCC,0,0,800,200,0,0,800,200,0,0,800,200,0,0,800,200,0,0,800,200,0,0,800,200,0,0,800,200,0,0,800,200,0,0,800,200,0,0,800,200,0
DCD,0,0,800,200,0,0,800,200,0,0,800,200,0,0,800,200,0,0,800,200,0,0,800,200,0,0,800,200,0,0,800,200,0,0,800,200,0,0,800,200,0
DCE,0,0,800,200,0,0,800,200,0,0,800,200,0,0,800,200,0,0,800,200,0,0,800,200,0,0,800,200,0,0,800,200,0,0,800,200,0,0,800,200,0

